40 60 55 
95 65 50 
90 80 60 
5 50 25 
35 50 40 
5 55 50 
70 55 45 
80 55 45 
0 40 30 
90 70 60 
55 50 55 
95 75 50 
15 45 50 
30 50 40 
0 40 30 
0 35 20 
15 45 45 
60 45 45 
70 65 50 
20 55 50 
0 45 25 
5 45 15 
80 65 55 
25 60 50 
90 70 60 
80 70 50 
55 60 55 
10 50 35 
45 60 50 
0 45 25 
5 45 35 
5 45 35 
15 55 40 
55 55 40 
90 80 45 
95 75 55 
65 50 55 
25 45 50 
0 40 25 
90 70 50 
90 70 55 
80 60 50 
15 50 40 
15 50 40 
5 45 35 
20 45 40 
20 55 45 
80 65 55 
50 45 45 
90 70 45 
0 45 30 
0 40 30 
85 70 45 
5 50 50 
10 40 35 
30 55 40 
30 45 40 
30 50 50 
100 90 50 
80 70 55 
65 60 60 
5 55 45 
20 55 50 
10 55 45 
5 60 50 
85 65 60 
0 55 40 
10 50 55 
60 65 60 
25 50 50 
15 50 50 
90 70 50 
25 60 45 
70 50 55 
80 65 60 
5 55 45 
70 60 60 
15 55 50 
70 60 50 
90 70 45 
0 45 30 
0 45 30 
15 55 50 
65 55 45 
10 45 50 
40 50 40 
15 55 45 
80 55 55 
5 50 30 
10 55 30 
10 45 45 
5 60 35 
80 60 45 
0 40 20 
75 60 50 
30 45 50 
100 90 50 
90 65 60 
20 55 45 
25 60 40 
90 75 65 
5 40 35 
90 65 50 
80 70 55 
15 55 30 
55 65 60 
5 45 30 
40 55 50 
65 55 55 
90 70 55 
100 65 55 
25 45 45 
95 70 50 
15 45 40 
15 60 50 
100 80 65 
65 50 50 
10 40 25 
65 60 60 
5 45 30 
75 60 40 
75 60 40 
0 50 15 
90 80 55 
80 75 65 
100 65 55 
0 45 15 
15 60 40 
0 45 45 
30 60 50 
5 45 35 
90 80 65 
0 55 30 
15 55 35 
20 50 55 
0 40 40 
5 45 40 
95 75 70 
0 55 20 
90 80 45 
80 55 60 
30 45 55 
100 85 55 
85 65 60 
5 50 20 
15 40 35 
35 50 45 
5 50 55 
85 75 45 
10 40 40 
80 60 50 
40 50 50 
10 50 30 
85 65 45 
55 55 60 
10 55 40 
35 40 55 
90 75 65 
95 60 50 
90 80 45 
15 50 35 
0 45 45 
5 50 25 
70 50 40 
30 60 50 
0 45 30 
75 60 50 
55 55 55 
5 50 20 
0 40 20 
95 65 50 
60 55 40 
75 60 60 
25 40 35 
95 80 55 
90 70 65 
0 45 35 
10 50 35 
20 50 50 
25 60 55 
15 60 45 
20 55 35 
15 55 40 
65 55 60 
10 45 40 
95 75 50 
20 45 55 
0 50 25 
70 45 60 
75 50 60 
15 45 50 
90 80 50 
85 80 60 
75 70 45 
15 60 50 
0 55 30 
10 50 55 
95 80 45 
30 65 45 
80 60 50 
85 65 55 
40 55 60 
15 50 40 
10 40 45 
30 55 45 
15 45 50 
80 60 50 
10 60 25 
95 80 60 
55 55 60 
95 60 40 
20 55 55 
0 35 20 
90 65 55 
90 65 50 
10 40 20 
15 50 50 
80 70 55 
0 45 25 
20 50 45 
30 55 45 
5 55 35 
20 40 35 
90 80 55 
90 55 50 
100 75 50 
95 75 55 
95 75 50 
20 50 45 
35 50 55 
35 45 50 
30 55 45 
35 55 50 
80 60 50 
30 60 40 
95 70 50 
5 50 50 
70 55 40 
15 50 50 
0 60 35 
5 35 35 
45 50 60 
45 45 50 
95 75 50 
65 65 45 
5 45 35 
10 45 30 
0 55 25 
100 90 60 
30 50 40 
20 50 40 
0 45 40 
5 60 35 
90 85 50 
0 40 20 
10 45 40 
0 55 40 
15 55 50 
85 80 45 
10 55 40 
95 75 60 
100 85 70 
85 60 45 
30 50 55 
70 55 40 
40 60 50 
25 50 50 
0 40 40 
85 80 65 
90 75 55 
95 70 50 
15 60 35 
30 45 40 
70 55 60 
70 60 55 
0 45 30 
95 80 60 
100 80 65 
30 45 55 
25 60 50 
10 55 55 
90 85 55 
0 40 20 
40 60 45 
15 40 35 
10 60 45 
50 60 55 
0 45 20 
80 60 50 
75 50 55 
95 90 60 
5 55 25 
40 55 55 
30 55 40 
65 65 55 
95 70 60 
0 40 30 
80 65 55 
25 45 50 
0 55 30 
0 45 30 
10 50 40 
5 45 25 
100 90 50 
100 80 60 
0 45 35 
40 50 50 
75 60 60 
80 60 60 
35 55 50 
5 55 40 
60 50 50 
10 45 45 
15 45 50 
10 50 30 
45 60 45 
0 40 40 
5 40 30 
80 75 50 
20 60 55 
0 45 35 
75 55 60 
95 85 55 
15 55 40 
100 75 50 
30 55 45 
15 55 50 
20 55 45 
85 70 45 
25 50 45 
85 80 45 
0 45 30 
10 40 45 
0 35 20 
95 60 45 
30 55 40 
90 70 50 
90 70 55 
95 80 60 
95 90 55 
5 50 15 
15 50 40 
90 65 45 
40 45 45 
70 60 45 
10 60 35 
100 65 60 
10 40 25 
75 55 45 
0 45 35 
10 40 40 
80 70 45 
0 50 20 
95 75 60 
25 55 50 
25 55 40 
90 60 60 
25 55 50 
30 45 40 
0 50 35 
75 65 55 
80 65 45 
85 65 40 
80 55 50 
10 45 45 
0 45 40 
95 80 50 
65 55 45 
20 60 30 
0 40 35 
5 55 35 
35 50 50 
35 50 50 
90 65 60 
5 50 30 
0 35 25 
0 45 35 
20 40 50 
70 60 40 
85 75 50 
0 55 30 
70 60 55 
0 45 30 
70 60 55 
70 50 60 
30 55 40 
0 40 35 
70 50 50 
90 80 60 
10 50 45 
30 55 40 
15 60 55 
0 60 45 
10 60 35 
85 70 55 
95 70 65 
60 55 60 
70 55 40 
80 55 45 
70 45 55 
0 45 20 
55 55 50 
65 65 50 
0 45 45 
75 60 45 
75 55 50 
20 55 55 
15 55 40 
85 70 50 
0 50 25 
5 35 25 
85 60 50 
15 50 45 
5 45 30 
0 50 30 
85 70 55 
90 80 60 
75 55 55 
25 40 45 
85 75 45 
0 55 20 
0 50 30 
15 55 40 
35 60 45 
95 65 50 
20 45 55 
0 40 40 
25 40 45 
0 50 25 
15 50 50 
20 60 55 
85 60 50 
20 60 55 
0 50 25 
20 45 50 
35 50 50 
20 60 45 
0 45 30 
85 65 50 
5 35 30 
0 45 35 
10 50 35 
80 55 45 
0 50 25 
15 40 40 
5 60 30 
85 65 60 
5 45 35 
45 60 55 
65 50 45 
0 45 30 
85 75 45 
0 45 20 
0 40 30 
100 80 50 
5 50 50 
85 70 50 
80 65 55 
0 35 35 
25 40 45 
15 55 40 
5 40 35 
90 55 45 
0 50 30 
90 70 55 
0 45 25 
0 40 35 
0 55 30 
85 65 55 
85 65 50 
95 70 60 
10 55 35 
80 70 60 
5 35 20 
15 55 45 
20 60 35 
30 55 40 
75 60 50 
15 45 40 
10 55 40 
0 40 30 
10 50 50 
10 45 50 
90 80 55 
95 70 55 
100 75 55 
90 80 50 
55 55 55 
85 75 45 
75 65 40 
30 60 50 
5 55 30 
90 85 70 
5 40 40 
10 40 35 
20 50 35 
0 40 35 
70 65 45 
0 50 25 
0 40 35 
60 65 55 
75 65 55 
5 45 20 
65 55 55 
10 50 45 
75 55 55 
100 65 65 
5 55 40 
70 55 45 
90 70 65 
10 45 45 
35 50 50 
35 50 40 
10 60 30 
10 40 45 
70 50 45 
90 60 55 
5 50 30 
10 40 35 
65 50 40 
35 45 55 
20 60 55 
10 45 40 
90 75 50 
60 45 55 
100 70 50 
15 55 55 
90 55 45 
80 75 45 
20 40 45 
65 50 45 
0 55 35 
70 50 50 
35 55 60 
60 65 45 
20 50 35 
0 45 35 
0 40 40 
85 60 60 
60 55 40 
95 70 50 
15 45 35 
25 50 55 
10 55 30 
0 55 35 
75 50 50 
5 45 45 
10 55 40 
95 70 55 
80 60 45 
75 50 55 
35 45 50 
10 40 30 
85 60 45 
20 60 45 
20 50 40 
15 50 35 
5 40 30 
35 55 60 
5 50 30 
40 60 45 
100 80 55 
15 55 50 
0 55 25 
85 65 60 
20 50 50 
100 85 50 
45 50 40 
10 45 40 
10 50 35 
0 40 20 
75 65 50 
45 50 55 
85 65 50 
95 80 55 
10 45 30 
10 55 30 
65 65 55 
100 85 60 
0 40 30 
20 50 40 
20 55 45 
80 70 60 
10 45 40 
0 50 30 
35 50 45 
65 45 55 
65 50 40 
85 55 45 
95 75 55 
0 45 25 
45 60 50 
100 70 55 
10 55 50 
95 70 50 
100 85 65 
35 60 45 
10 60 40 
75 65 45 
15 55 35 
0 50 40 
65 55 50 
15 55 30 
75 70 45 
95 70 45 
5 45 40 
95 75 55 
90 65 60 
80 70 50 
30 60 50 
75 65 45 
100 85 65 
25 60 50 
65 55 50 
30 60 45 
15 45 40 
25 55 55 
20 50 35 
5 45 30 
5 35 30 
100 70 55 
15 40 45 
20 60 45 
5 55 45 
80 65 40 
0 35 20 
20 50 45 
5 40 30 
15 50 50 
100 85 55 
60 65 55 
35 55 45 
10 45 45 
0 50 35 
75 55 60 
55 45 60 
20 55 40 
5 50 50 
25 55 55 
15 45 50 
20 45 50 
90 60 50 
85 75 55 
15 50 45 
0 60 40 
5 50 40 
0 50 35 
65 50 40 
0 45 30 
10 45 25 
0 45 20 
25 60 45 
5 40 20 
30 60 50 
90 65 55 
95 80 70 
75 70 60 
80 60 60 
85 55 45 
15 55 50 
100 85 60 
20 40 40 
85 80 65 
30 60 45 
0 45 40 
55 60 45 
95 65 45 
90 85 65 
90 70 50 
95 85 70 
30 55 40 
10 45 40 
5 45 35 
85 90 60 
95 85 65 
25 55 45 
0 45 20 
20 60 40 
10 40 35 
5 55 35 
0 55 35 
15 50 25 
15 60 50 
15 40 35 
90 70 50 
45 50 55 
95 75 50 
95 65 60 
0 55 25 
20 50 50 
0 45 30 
0 50 30 
0 40 25 
20 45 45 
95 75 60 
40 50 50 
20 60 55 
85 70 60 
50 50 50 
50 55 50 
0 35 20 
5 55 25 
90 85 55 
5 40 45 
55 55 45 
0 45 40 
0 40 30 
35 45 50 
20 60 50 
90 70 55 
90 65 45 
65 60 45 
0 45 20 
20 60 40 
5 40 45 
90 75 55 
55 65 45 
80 50 50 
90 85 60 
10 55 40 
75 60 40 
0 45 20 
65 45 50 
80 70 50 
20 55 50 
30 50 45 
90 85 50 
80 60 50 
90 85 50 
35 50 40 
15 50 40 
40 50 55 
5 55 50 
90 65 60 
55 65 45 
90 70 60 
50 60 40 
85 65 50 
30 50 55 
10 55 30 
100 75 65 
95 80 60 
20 55 40 
0 35 25 
30 55 45 
100 85 60 
25 50 45 
80 75 55 
80 70 60 
15 45 55 
50 65 50 
20 45 55 
100 65 60 
60 50 60 
80 60 50 
95 70 60 
45 55 60 
75 60 45 
100 80 55 
95 60 55 
90 70 50 
10 45 45 
35 45 45 
0 40 40 
100 80 60 
20 55 40 
0 50 40 
45 55 45 
35 55 50 
70 60 45 
95 70 45 
5 50 25 
5 50 40 
80 75 60 
95 80 55 
40 60 60 
5 50 45 
55 45 50 
95 75 45 
0 40 40 
35 45 45 
5 40 35 
55 50 40 
0 40 35 
80 55 45 
85 70 55 
0 50 20 
10 55 40 
40 60 50 
80 70 50 
100 80 55 
100 85 65 
15 55 25 
15 55 40 
65 60 55 
10 50 45 
10 45 35 
35 50 45 
80 60 55 
10 45 45 
0 45 25 
75 65 45 
80 55 60 
90 75 45 
90 75 60 
90 75 50 
35 45 55 
70 55 55 
55 45 45 
20 50 35 
10 40 30 
15 45 40 
80 70 55 
0 35 25 
0 40 25 
45 50 40 
95 80 55 
0 45 35 
80 65 45 
0 45 35 
0 40 15 
55 55 50 
35 50 40 
100 75 65 
100 70 50 
70 60 50 
100 70 60 
70 60 50 
80 70 50 
65 65 45 
0 45 30 
75 50 50 
95 85 60 
75 55 50 
5 50 40 
10 45 35 
40 50 40 
0 45 30 
35 55 40 
95 75 60 
90 70 55 
75 50 55 
100 85 55 
100 75 55 
100 75 45 
15 50 45 
15 55 25 
70 65 50 
0 35 35 
80 65 55 
80 60 55 
0 35 35 
10 60 40 
10 45 40 
10 50 55 
85 65 60 
70 60 50 
60 50 50 
10 40 45 
45 50 55 
85 65 45 
75 60 40 
70 70 50 
20 50 35 
75 65 50 
15 55 45 
80 50 45 
0 35 35 
75 70 50 
95 70 55 
65 50 40 
80 50 50 
65 60 60 
100 80 60 
20 55 45 
5 40 30 
0 40 30 
90 75 50 
95 70 55 
10 60 50 
100 85 65 
5 50 45 
90 65 65 
5 50 35 
80 60 50 
0 60 35 
90 75 50 
95 60 60 
20 55 45 
0 40 35 
35 60 55 
75 50 45 
10 55 40 
80 65 50 
0 50 40 
95 75 50 
35 60 50 
70 55 40 
10 55 50 
100 75 50 
25 55 45 
85 70 60 
65 60 50 
10 50 45 
95 75 55 
30 50 50 
10 50 35 
20 50 50 
90 70 60 
30 50 40 
5 50 40 
85 70 60 
60 50 60 
30 55 50 
5 60 40 
0 45 25 
20 55 55 
5 55 40 
75 70 50 
35 50 40 
85 55 45 
45 60 55 
0 40 15 
5 40 30 
15 45 35 
10 60 55 
75 60 45 
5 40 30 
70 65 45 
5 55 20 
55 50 50 
0 40 30 
25 55 55 
80 65 45 
25 50 50 
20 45 50 
0 40 20 
90 75 60 
30 45 50 
90 90 55 
80 55 50 
20 55 50 
0 45 40 
95 70 65 
85 55 55 
85 60 50 
80 75 55 
45 45 45 
30 55 55 
0 50 30 
30 60 40 
20 45 40 
0 50 35 
45 45 45 
0 60 40 
85 85 55 
10 45 40 
90 70 45 
80 55 40 
0 40 25 
95 60 50 
85 75 45 
20 55 40 
70 60 60 
10 40 35 
75 75 50 
80 65 55 
95 85 60 
65 70 50 
15 50 50 
0 35 30 
95 75 65 
85 65 50 
100 80 60 
0 45 35 
0 45 35 
35 50 55 
100 85 50 
0 50 35 
10 55 35 
0 45 40 
10 50 40 
70 55 55 
35 50 60 
15 55 35 
50 50 50 
0 45 20 
10 45 40 
100 75 50 
0 45 35 
5 45 30 
55 55 55 
85 60 50 
90 80 60 
30 45 55 
80 55 55 
15 55 40 
75 50 55 
10 45 45 
85 65 50 
