#user probabilities: user 0: 0.27616531089096 user 1: 0.21892050946049 user 2: 0.19773040565225 user 3: 0.3071837739963
49 13 1 14
0 44 5 15
2 4 12 15
38 37 9 7
0 15 2 5
2 0 1 20
10 20 1 3
11 79 3 18
7 5 2 14
1 9 1 6
9 16 31 14
6 5 32 11
17 68 19 68
52 23 17 17
5 22 25 123
12 43 17 3
1 26 21 5
2 28 13 22
5 8 4 29
10 1 4 10
0 41 8 1
10 95 17 60
12 9 54 8
4 16 13 10
4 5 18 12
52 3 3 8
8 9 2 2
6 8 12 13
3 39 13 32
22 3 25 15
8 24 42 33
4 11 4 19
11 38 2 20
0 5 69 14
11 2 18 2
6 3 15 20
0 2 11 44
3 5 10 29
35 9 16 6
17 33 38 11
13 71 2 24
3 2 5 36
2 41 47 18
0 13 5 1
10 25 61 36
37 10 17 50
17 5 4 17
1 2 1 27
1 3 11 6
3 24 3 10
10 1 0 20
9 6 22 4
68 22 1 64
1 20 39 45
24 2 12 62
2 15 22 5
12 4 12 45
27 20 6 14
14 7 3 7
9 44 11 16
10 13 13 23
2 11 17 1
8 2 1 22
12 26 44 8
34 11 5 40
1 15 9 31
21 17 2 11
7 16 119 2
1 14 28 6
36 10 7 13
8 9 3 4
1 2 13 2
8 30 55 18
5 9 10 4
36 14 17 12
1 19 14 4
2 8 11 3
15 32 17 7
2 30 12 7
24 1 9 11
19 8 1 4
14 12 8 22
0 0 3 3
11 22 7 31
0 32 47 31
11 15 2 32
5 17 2 5
10 14 19 11
22 24 17 17
2 102 6 4
0 10 7 19
1 21 10 3
7 9 56 3
30 1 50 6
11 1 13 6
9 4 22 11
25 8 1 2
4 7 6 8
14 20 66 36
4 10 0 34
18 65 57 26
0 45 1 21
41 15 50 16
14 20 0 20
59 1 24 7
5 1 19 2
13 19 53 1
1 61 36 39
29 34 17 60
15 20 17 25
2 16 6 53
3 7 15 5
5 8 14 25
5 5 32 2
21 30 3 50
15 1 28 22
23 10 18 19
1 6 8 6
21 20 4 2
34 30 7 7
2 41 1 14
1 43 18 68
13 30 40 11
19 23 3 24
1 28 7 4
1 22 11 46
5 22 0 7
7 7 17 18
3 22 3 7
10 29 6 6
10 4 23 11
25 38 3 1
11 12 5 23
2 23 16 14
5 18 30 39
31 11 12 3
2 19 11 25
6 29 0 0
44 26 10 41
10 16 43 6
1 3 60 5
21 16 25 5
2 17 2 3
1 17 6 4
3 29 43 20
9 50 19 15
12 2 10 7
13 8 14 28
8 14 0 9
1 29 16 7
5 24 11 11
4 27 17 15
9 14 4 3
7 41 20 3
0 3 10 23
7 0 11 0
8 13 8 20
4 73 58 21
13 10 2 0
2 23 15 26
3 29 36 23
12 16 33 21
13 7 8 4
4 38 4 34
5 16 11 20
9 11 7 6
22 10 6 1
1 35 29 9
11 22 2 7
3 53 71 63
3 9 3 14
3 9 8 18
31 36 5 13
4 16 25 4
51 1 5 2
23 1 12 14
15 16 30 0
8 31 67 27
2 3 6 10
8 20 0 11
8 6 55 32
21 24 83 36
15 5 59 19
4 12 3 1
1 73 1 16
16 1 7 61
2 18 8 22
4 10 3 30
12 2 16 15
19 17 8 17
19 8 4 3
18 9 3 38
5 5 10 3
4 27 2 12
5 13 3 21
24 7 11 16
6 1 2 6
12 13 31 13
21 1 17 22
7 32 14 33
1 76 67 8
15 2 32 3
9 0 28 12
4 6 1 27
4 4 0 93
12 36 12 15
27 3 4 9
31 27 4 0
15 4 8 13
3 4 17 37
3 10 7 15
12 9 6 0
9 7 0 5
2 13 26 2
11 95 11 16
15 21 15 13
20 55 0 3
2 18 71 9
1 7 45 26
13 5 24 6
9 27 12 26
3 6 31 42
4 7 11 1
39 1 14 33
46 15 52 3
2 51 12 5
3 11 60 65
12 24 5 5
7 27 75 27
1 32 18 8
1 2 8 2
2 47 45 3
7 39 6 19
18 30 35 1
3 34 1 47
9 6 3 1
0 3 29 2
38 12 9 2
9 29 4 25
13 2 36 3
70 3 29 31
33 21 36 4
8 44 2 2
2 6 3 5
6 56 6 9
6 23 12 90
7 22 22 4
18 17 8 31
15 4 16 24
21 13 40 9
5 0 10 16
3 17 27 22
8 2 1 57
18 16 49 7
3 21 12 1
3 38 34 1
1 12 23 44
36 19 5 8
11 24 48 47
4 25 16 36
19 22 28 19
3 25 49 13
6 11 14 22
4 10 21 8
24 11 5 37
1 14 4 26
3 3 19 16
24 6 9 24
32 5 8 4
35 6 21 9
14 5 1 1
12 27 9 16
3 20 9 7
2 19 1 11
17 23 0 22
41 11 9 50
11 26 2 18
1 33 79 29
1 1 31 26
18 5 6 1
24 24 7 2
5 9 13 3
1 15 32 2
48 5 0 19
0 3 5 1
37 5 30 1
4 20 26 2
24 2 2 29
18 12 37 4
21 10 7 62
39 4 1 62
6 1 16 10
2 37 11 3
1 7 4 10
35 89 12 36
1 19 18 41
1 14 1 60
31 9 44 47
9 64 36 92
0 12 9 5
4 41 9 11
2 17 33 3
10 8 0 21
42 19 14 2
2 18 1 2
64 60 0 16
28 44 14 58
5 69 3 24
22 16 3 1
2 0 4 27
5 4 10 8
21 73 10 1
10 12 3 17
6 3 3 8
1 23 6 11
12 13 3 15
1 8 16 5
5 32 78 26
0 10 2 41
5 14 42 77
0 1 15 11
3 24 27 6
6 2 23 2
10 45 18 20
3 6 36 19
1 38 8 2
4 12 76 21
0 43 19 0
32 5 10 3
32 5 10 9
4 4 11 47
1 3 14 8
6 11 67 12
4 8 15 17
20 16 5 36
7 50 34 10
2 7 15 2
8 1 11 38
3 64 26 7
1 8 18 14
17 18 82 2
44 16 20 33
2 59 19 18
23 14 1 1
20 18 3 9
12 19 5 39
10 0 3 24
5 31 4 3
6 5 5 10
17 53 5 53
24 47 14 29
6 17 31 7
3 86 19 40
11 44 24 5
28 48 54 7
14 4 10 4
6 23 15 4
11 34 3 15
15 22 7 4
4 3 12 13
2 3 8 28
1 3 0 98
1 68 6 30
2 25 61 16
6 16 24 1
5 42 16 3
9 52 8 38
1 36 8 5
0 27 0 2
25 1 2 62
0 9 25 3
1 25 23 15
4 12 16 22
5 5 32 62
2 4 31 6
1 4 12 1
36 14 3 38
9 5 30 16
10 17 23 24
4 12 5 18
34 38 6 8
1 3 6 6
5 3 13 10
4 0 11 7
9 20 3 2
24 97 20 13
9 11 4 44
25 12 12 37
5 32 4 11
40 13 21 8
11 5 23 68
3 5 6 30
22 11 41 28
6 17 6 0
0 13 43 49
46 11 27 8
3 84 25 5
7 12 14 3
12 7 2 49
8 9 22 10
18 18 3 5
3 11 5 5
35 4 3 56
10 55 6 39
29 1 2 10
8 21 14 4
40 20 2 13
0 34 43 34
7 2 2 21
9 8 40 14
8 1 11 3
0 25 1 53
17 3 8 7
18 47 12 29
9 18 6 17
7 5 10 46
4 13 15 38
21 12 8 10
8 34 14 15
9 17 11 9
14 36 20 15
16 4 7 8
18 19 45 6
20 8 3 3
21 27 0 24
3 10 2 28
3 22 7 33
4 30 4 0
11 40 15 10
1 46 25 40
9 22 3 10
0 7 14 42
1 16 16 7
46 25 2 5
6 10 1 23
3 6 23 38
2 7 6 4
3 1 2 28
14 5 3 27
9 24 18 19
4 6 48 7
0 1 13 11
6 16 3 20
20 39 12 77
2 30 4 10
20 6 3 16
8 8 7 1
1 83 20 9
3 18 20 6
11 4 20 2
17 33 22 19
13 5 17 40
0 31 6 40
1 11 10 17
17 29 18 36
16 7 5 1
32 46 6 17
1 68 19 48
17 10 14 13
11 4 8 21
56 20 14 2
1 0 20 42
17 8 23 16
12 71 16 18
24 40 4 0
21 39 49 20
4 13 3 48
12 14 16 22
2 3 25 6
2 11 3 57
16 48 13 11
25 2 1 30
0 5 29 37
1 26 12 10
3 21 7 56
2 48 17 9
1 9 19 5
20 35 3 18
16 22 1 21
18 2 11 32
5 6 19 13
0 4 41 7
20 5 5 1
2 38 9 5
3 2 11 2
29 19 22 23
5 29 8 3
26 34 64 6
1 20 26 3
19 21 10 22
27 21 23 2
8 3 7 31
3 28 41 4
6 19 37 28
6 6 45 8
1 44 16 4
9 9 7 9
1 28 1 76
6 30 1 77
32 9 26 4
2 22 8 16
4 6 7 26
8 6 1 17
2 22 27 25
1 3 2 3
25 4 2 8
46 4 7 52
9 2 2 23
18 13 6 3
15 19 36 6
27 59 35 2
11 20 31 24
17 59 33 23
2 63 1 3
2 9 1 22
7 4 9 7
13 23 10 12
5 7 23 6
3 17 8 46
3 4 17 1
2 12 24 7
6 31 10 17
2 13 6 22
13 22 90 10
5 10 35 25
14 17 88 0
2 8 43 11
9 15 12 25
0 6 1 12
1 12 1 5
48 8 49 22
0 51 2 10
5 71 2 2
9 3 2 28
7 1 4 1
9 25 27 17
49 34 1 1
4 2 6 7
7 5 0 12
2 2 36 15
1 0 18 21
2 26 10 19
16 21 20 8
5 12 53 9
4 0 10 20
2 26 54 17
47 62 1 3
1 56 21 3
35 8 30 2
1 6 22 39
30 10 4 8
24 4 23 5
3 4 35 8
27 33 53 44
17 1 1 37
41 28 0 53
1 35 1 5
1 27 2 1
2 7 9 1
8 2 6 24
4 3 1 4
42 0 2 28
1 4 17 1
33 20 60 1
7 0 6 18
15 9 19 51
13 1 109 5
2 6 45 13
6 113 21 10
0 32 4 1
60 32 2 57
7 1 0 66
1 7 15 34
13 6 25 10
4 27 17 14
1 15 0 13
8 24 43 16
8 2 18 14
28 26 11 10
18 13 8 43
18 58 23 14
3 13 43 15
3 14 1 8
1 2 30 18
18 26 4 8
21 33 34 29
9 8 3 9
20 15 6 20
7 0 3 24
8 2 5 31
11 8 2 23
6 60 7 5
13 14 15 15
4 11 7 46
16 14 6 18
1 17 6 16
10 11 6 3
8 15 50 3
25 2 35 8
0 4 15 25
13 3 6 1
10 19 56 9
2 6 84 5
21 6 27 12
14 1 16 6
11 15 9 14
11 6 35 21
7 11 9 4
10 23 5 4
4 4 14 13
7 15 22 7
18 13 27 14
9 10 27 4
33 4 24 17
7 18 5 75
1 21 3 19
5 10 29 24
10 8 4 1
25 49 9 24
6 4 5 0
9 1 4 14
3 61 2 26
9 9 23 18
1 43 5 10
4 1 3 48
6 8 88 8
3 9 1 23
9 7 21 3
4 49 19 17
24 30 7 12
2 1 1 5
35 8 18 6
5 29 4 33
2 4 3 10
9 4 2 3
7 32 6 34
15 57 9 19
15 26 2 47
18 4 3 28
8 28 1 44
9 5 22 22
6 40 2 92
1 5 2 17
0 10 9 29
5 34 10 2
10 14 0 10
13 3 3 4
30 5 2 13
7 35 4 40
14 7 35 32
8 117 9 15
6 32 7 28
12 27 36 6
4 43 18 101
1 34 4 149
1 7 12 13
2 22 8 41
44 5 21 13
3 2 1 20
27 9 10 16
2 7 31 11
2 13 10 6
4 19 5 9
33 27 38 2
6 6 0 11
8 23 46 29
17 64 10 24
5 37 6 12
2 3 41 9
11 8 17 60
35 44 7 46
12 5 1 2
7 1 14 1
14 12 28 15
6 5 5 30
1 15 5 6
13 4 18 8
8 6 6 12
2 19 8 36
21 10 60 8
6 14 8 4
0 4 23 11
6 87 5 15
9 14 29 6
13 12 15 4
15 39 20 52
8 1 27 9
7 26 22 53
3 2 2 6
4 37 23 25
21 71 5 10
7 2 18 4
9 5 9 7
1 2 5 19
2 1 76 19
16 23 15 1
18 23 7 2
9 1 31 11
1 2 31 15
2 13 23 27
14 3 1 36
3 7 11 9
4 12 0 2
2 17 3 75
4 13 2 40
9 49 6 19
0 3 3 5
11 47 108 8
1 1 4 6
5 21 18 22
2 20 28 7
3 71 6 16
7 9 10 1
4 26 21 8
23 41 15 13
18 16 35 38
11 1 3 0
15 29 21 41
6 13 4 23
7 12 5 67
21 23 1 3
6 26 12 8
11 2 32 11
12 23 7 7
16 11 7 14
3 1 9 22
8 17 9 0
1 20 74 51
5 1 2 31
17 17 3 11
13 79 37 9
13 4 20 12
11 0 0 43
1 10 15 17
0 69 16 2
11 16 0 79
10 2 27 10
14 50 31 10
27 24 26 18
28 12 2 16
7 2 11 15
7 1 2 14
0 25 16 20
4 19 18 51
15 11 7 12
5 4 37 6
25 20 39 33
2 81 9 19
1 38 4 16
28 7 2 59
1 23 16 9
4 6 6 2
13 19 14 1
18 11 7 24
1 5 13 5
3 51 36 7
17 1 38 25
5 75 20 11
12 7 27 0
9 2 2 5
14 20 6 15
1 20 5 4
24 29 10 3
14 7 10 14
5 7 5 26
4 53 3 78
3 70 0 30
1 2 1 30
15 8 7 35
0 17 1 43
5 12 0 2
16 11 17 3
16 42 37 1
19 1 1 1
0 1 35 2
2 45 42 46
3 5 24 6
20 29 3 5
3 4 7 0
11 73 3 10
22 0 11 23
1 15 26 3
10 19 5 26
9 3 19 32
6 10 1 5
2 5 12 11
6 33 11 1
18 18 11 22
11 63 8 24
8 3 33 2
18 2 33 9
3 14 3 20
30 6 41 3
8 9 16 53
3 1 0 1
12 13 22 7
7 2 0 62
3 40 1 2
44 46 10 5
6 19 38 9
24 30 12 10
2 2 7 10
2 8 10 35
20 3 3 7
3 4 5 15
1 7 17 1
3 1 6 21
13 4 1 17
37 15 76 3
12 8 15 36
12 0 20 14
2 35 31 12
0 2 98 2
6 18 2 21
12 10 7 9
9 9 52 15
31 53 21 18
3 6 11 59
4 3 11 13
0 7 56 0
6 60 2 35
9 5 12 5
11 36 16 5
3 16 26 4
8 13 28 28
16 6 23 2
6 5 16 11
8 15 11 58
8 16 27 2
18 7 7 12
2 55 20 9
8 12 15 0
37 9 27 26
11 14 32 2
15 11 12 6
51 67 5 13
8 1 16 8
4 49 28 13
22 13 36 9
38 11 9 53
19 4 20 12
14 14 14 12
35 1 23 58
0 69 11 17
0 1 46 8
43 25 29 37
3 22 5 4
2 20 3 69
21 33 10 16
5 0 1 7
1 29 5 3
15 25 21 27
17 19 2 28
5 45 17 18
10 39 29 26
8 61 22 9
17 4 56 3
2 0 11 6
17 25 9 15
7 2 7 6
15 10 0 3
4 20 24 49
8 16 19 1
8 9 10 7
9 10 11 27
6 52 1 4
12 11 24 3
8 1 9 7
7 10 10 29
1 4 22 17
15 9 18 6
16 2 16 8
7 1 2 41
0 3 1 22
10 32 31 3
23 5 10 8
11 39 3 25
1 36 7 32
3 63 2 1
1 23 8 14
16 13 9 30
11 13 11 5
4 7 8 4
9 31 14 4
12 22 48 26
8 6 14 29
3 21 29 6
5 4 28 3
13 4 53 8
13 11 16 0
15 68 4 7
17 26 13 12
6 12 4 73
14 29 25 53
6 16 4 33
16 0 69 12
3 51 30 48
5 10 46 3
5 3 10 4
23 66 19 7
6 40 6 3
12 1 2 3
11 7 53 10
4 51 37 14
22 23 10 5
2 9 8 14
8 32 22 10
17 9 22 5
3 0 8 52
1 11 1 23
15 0 2 1
32 0 16 32
13 1 1 36
6 11 8 60
3 2 8 1
7 1 5 26
1 19 20 3
1 26 32 36
16 62 44 24
36 14 13 21
9 17 13 1
0 46 77 6
0 8 7 13
6 17 5 13
3 55 17 7
13 12 3 12
6 2 3 10
10 24 1 4
4 18 5 8
8 5 17 15
9 56 1 71
8 7 11 28
3 2 2 61
9 6 10 0
5 18 9 68
4 13 3 19
1 10 63 19
11 17 4 4
9 5 3 2
9 19 35 33
14 60 27 7
3 4 6 16
18 23 14 3
2 24 26 7
2 26 50 28
5 3 59 43
5 3 82 52
16 37 25 14
18 15 29 1
15 2 17 16
19 4 22 1
25 13 7 1
3 6 29 17
6 28 12 30
27 13 22 23
5 12 4 3
0 0 4 29
2 33 8 60
0 2 82 44
9 8 49 33
10 26 10 1
8 50 31 11
6 15 3 28
1 8 48 1
5 3 34 13
39 5 11 69
4 11 36 41
17 32 22 10
9 3 10 2
1 6 14 13
20 22 5 42
1 4 61 11
5 34 47 7
1 10 6 9
21 4 5 20
49 63 1 16
1 14 19 4
18 4 20 20
25 57 14 59
2 14 8 13
5 7 30 10
14 2 26 16
4 1 4 6
55 6 31 2
18 13 6 18
13 70 6 18
28 33 15 2
5 57 15 23
3 10 2 93
8 42 15 32
28 30 2 47
1 51 0 44
6 7 13 3
4 30 24 5
11 7 6 69
3 41 20 15
4 30 13 34
12 2 18 18
26 26 13 123
12 15 40 2